{
    "mapping": [
        "wave"
    ],
    "labels": [
        0,
        0,
        0,
        0,
        0,
        0,
        0,
        0,
        0,
        0,
        0,
        0,
        0,
        0,
        0,
        0,
        0,
        0,
        0,
        0,
        0,
        0,
        0,
        0,
        0,
        0,
        0,
        0,
        0,
        0
    ],
    "pitch": [
        [
            0.006943333223801711,
            0.003040654250902179,
            0.011393315419341651,
            0.018178069898237635,
            0.13554619443652527,
            0.006368327910021553,
            0.060356084660931245,
            0.34985379824647694,
            0.01746317696944019,
            0.010068670135160067,
            0.013412095948179157,
            0.36737627890098246
        ],
        [
            0.011010872792750053,
            0.005979853870039706,
            0.015289762663653174,
            0.011615803868288574,
            0.044940222911061777,
            0.00403807648301071,
            0.05577357242455329,
            0.5555637020515879,
            0.014866473003911964,
            0.003729239911958914,
            0.011170788043687471,
            0.2660216319754964
        ],
        [
            0.00797971511944237,
            0.003353130051894921,
            0.04091470273450374,
            0.005537312267445075,
            0.005093612999836926,
            0.004299452862088156,
            0.07090533314781602,
            0.3077255767632169,
            0.014646716073153564,
            0.0058817065800298345,
            0.02092068472386278,
            0.5127420566767096
        ],
        [
            0.006982406557692848,
            0.011294851217529631,
            0.127982238571633,
            0.007910607517207567,
            0.003723462171446735,
            0.003638405506378638,
            0.060433271798610785,
            0.513354465412087,
            0.022104851722636425,
            0.007238927893883477,
            0.003930584812094512,
            0.2314059268187993
        ],
        [
            0.0031401093926764715,
            0.003947629897182372,
            0.009719613330771778,
            0.015139420275861194,
            0.049798140000463995,
            0.0019475607632522037,
            0.0366658792318514,
            0.41785378880750407,
            0.013146210552902885,
            0.0047113404103698246,
            0.02042722570952581,
            0.42350308162763806
        ],
        [
            0.0041368977516541726,
            0.004098646539165898,
            0.01105620376287267,
            0.027550878442063234,
            0.03794279681306646,
            0.004668256861323482,
            0.05454352820539397,
            0.18471684135546446,
            0.010247992131677298,
            0.003300216174584249,
            0.009987190834098577,
            0.6477505511286354
        ],
        [
            0.03950603235429208,
            0.026456216784694227,
            0.03434217971887248,
            0.025965244491341574,
            0.009377627862131832,
            0.012737680812494113,
            0.06292720122919603,
            0.11388440988889217,
            0.07515423985450123,
            0.029248110080563952,
            0.030760001614026606,
            0.5396410553089936
        ],
        [
            0.006966856495441324,
            0.002316334159008138,
            0.041833019589530535,
            0.0020389367410604663,
            0.0038548888807165907,
            0.0023144427831517755,
            0.03550311516511198,
            0.6775593155480333,
            0.00812950031627408,
            0.007791503869567625,
            0.009317845411845738,
            0.20237424104025847
        ],
        [
            0.012289398239144525,
            0.0021120586794560877,
            0.006750885259185742,
            0.008830287181908165,
            0.07547964757465814,
            0.0031083244368531795,
            0.0769525083680551,
            0.3411074371886225,
            0.01950388200607985,
            0.013657055655251944,
            0.025709010217090596,
            0.4144995051936944
        ],
        [
            0.005736789313563549,
            0.001740842821314385,
            0.03761623727008878,
            0.01636985403223259,
            0.05709571303901829,
            0.004895168940232231,
            0.08575943815199875,
            0.3568882960739185,
            0.03750741748440652,
            0.00941463131933935,
            0.007831063633759,
            0.379144547920128
        ],
        [
            0.008355931362701656,
            0.0038898154727192505,
            0.13830401751860444,
            0.020760332196694743,
            0.002912991953017025,
            0.012070931809694978,
            0.2091839053400891,
            0.5080471849711818,
            0.02646688584599663,
            0.009503473056482227,
            0.0057776975084211785,
            0.05472683296439669
        ],
        [
            0.017306000502104957,
            0.004964066975899296,
            0.08401310893297809,
            0.03647827799104222,
            0.03197021542215677,
            0.003918285526420143,
            0.05219354171084048,
            0.4402097706043601,
            0.017389290823338628,
            0.0047929921045171825,
            0.01669759570832462,
            0.29006685369801755
        ],
        [
            0.011587890072860258,
            0.005387209200777817,
            0.00934580170010433,
            0.013201495104600556,
            0.05463652651234891,
            0.004100860904228542,
            0.04349782122974314,
            0.31971104754741736,
            0.019646648719778604,
            0.004189919779679074,
            0.008051700276668808,
            0.5066430789517926
        ],
        [
            0.00891236790847713,
            0.008344265383748035,
            0.08403761727938623,
            0.015171997323718328,
            0.016942694513523017,
            0.004341036013145606,
            0.09715958941360169,
            0.33218325634869383,
            0.00933166828094731,
            0.008078987065241858,
            0.027470549454575284,
            0.38802597101494174
        ],
        [
            0.036241534327278606,
            0.011409640387463362,
            0.1406625197065156,
            0.008908079404163362,
            0.003471085755244108,
            0.003363550205999889,
            0.030695549982352605,
            0.31899858943497583,
            0.013641223860912538,
            0.007432683318161704,
            0.016892456316236603,
            0.4082830873006958
        ],
        [
            0.01303980687570066,
            0.004810185064597054,
            0.04220617664680674,
            0.003781503044757397,
            0.02261243561384559,
            0.004713394218684132,
            0.07372811337518068,
            0.4376065197858891,
            0.028129341338750596,
            0.013535231229420828,
            0.03870766473523351,
            0.3171296280711337
        ],
        [
            0.01931241617376834,
            0.009653513819222808,
            0.014680078572755759,
            0.03720779667921779,
            0.03367563488318884,
            0.002382887646155618,
            0.04435227849919735,
            0.30437264231324485,
            0.013243357671398679,
            0.00475259507990303,
            0.014464795080104889,
            0.501902003581842
        ],
        [
            0.005914674478358611,
            0.003293841885185443,
            0.02243923632868061,
            0.012920362227991393,
            0.010594159608374523,
            0.002081618219599056,
            0.03626014740899837,
            0.5891347285479833,
            0.010874454632298186,
            0.004125872023154789,
            0.007717273466645164,
            0.29464363117273057
        ],
        [
            0.013535625457784322,
            0.004912399828974215,
            0.12314522230810947,
            0.006709784452327216,
            0.004208921343221691,
            0.0055732312677685665,
            0.0853101294778044,
            0.5538775953299163,
            0.007862166517090591,
            0.004695503391066674,
            0.006726435836118206,
            0.18344298478981833
        ],
        [
            0.008560970431459213,
            0.004402061985384085,
            0.024825040197697934,
            0.011042081947715115,
            0.06043290664160379,
            0.005319265120599111,
            0.06632157540206306,
            0.52922086381388,
            0.011869960317640225,
            0.014436764272266834,
            0.019168129529533035,
            0.2444003803401578
        ],
        [
            0.01270326585404496,
            0.005654362430704323,
            0.012839030556763938,
            0.02849113597675751,
            0.051686569632964106,
            0.006058438961770278,
            0.05047869053275244,
            0.36120725292776884,
            0.009271314093954696,
            0.006519535733357372,
            0.013066523862608419,
            0.4420238794365532
        ],
        [
            0.008955694897008318,
            0.006453854179162699,
            0.043008093637497545,
            0.013757966949877408,
            0.001670716111656469,
            0.0017789061008716123,
            0.02249355512155013,
            0.2348777059391562,
            0.01819895612078898,
            0.01036739503770642,
            0.026722081389756375,
            0.6117150745149679
        ],
        [
            0.013308203098462666,
            0.00923656965112953,
            0.20661069602061666,
            0.014041584476813092,
            0.006800118410536214,
            0.008050640113738588,
            0.11354627052336187,
            0.38293595193663676,
            0.006859994073982133,
            0.011646371031317024,
            0.0065173611637162655,
            0.22044623949968917
        ],
        [
            0.009876221167498951,
            0.008161472607930643,
            0.09852112572692757,
            0.014072136361960398,
            0.17545506313308076,
            0.005285309493582938,
            0.05296323617283981,
            0.3618758109579785,
            0.010457698189656835,
            0.0052477134289523565,
            0.009609201821029173,
            0.248475010938562
        ],
        [
            0.01815356715129052,
            0.013618421930695018,
            0.025674559444166124,
            0.08763463346504943,
            0.09829103710559733,
            0.007867538657771032,
            0.04164961743315833,
            0.3600057529585104,
            0.008730050930226151,
            0.005572493598983721,
            0.0082457596857645,
            0.3245565676387873
        ],
        [
            0.016839541653622645,
            0.004940337938539709,
            0.0845976783349765,
            0.004216057443681476,
            0.0021348997697350517,
            0.002588922493619503,
            0.069953545367454,
            0.3829260723921326,
            0.006930419971248825,
            0.0030779969362414858,
            0.019292036403080248,
            0.40250249129566795
        ],
        [
            0.014724960208872335,
            0.005790343468171762,
            0.1471641882878719,
            0.01963854842903567,
            0.0021841607438666676,
            0.0030333086389630736,
            0.024240072934076404,
            0.2882722543416103,
            0.013621352799347205,
            0.010179085483885844,
            0.008437154409626156,
            0.4627145702546726
        ],
        [
            0.009369752352000571,
            0.0031931633898384898,
            0.003092177283996285,
            0.004578929088457249,
            0.023465500966693878,
            0.0020414074197105127,
            0.05463852139512273,
            0.13410003381768773,
            0.009160784183118484,
            0.009555877010250239,
            0.026087575044491,
            0.7207162780486328
        ],
        [
            0.011686254625213584,
            0.0067852249527909116,
            0.016862900303828855,
            0.01549788817471979,
            0.0761397919074494,
            0.0016978906423763948,
            0.03947022418999949,
            0.2585842445295533,
            0.014556201813201842,
            0.006231454282227016,
            0.029082855339755305,
            0.5234050692388841
        ],
        [
            0.04299456250304223,
            0.04214380499221376,
            0.07428661494395664,
            0.024587568169040838,
            0.029715041770045664,
            0.016143779891856908,
            0.06201927134059913,
            0.3104374994621185,
            0.021535991665386393,
            0.026689857415276883,
            0.031128964953595403,
            0.3183170428928678
        ]
    ],
    "order": [
        "0",
        "1",
        "2",
        "3",
        "4",
        "5",
        "6",
        "7",
        "8",
        "9",
        "10",
        "11",
        "12",
        "13",
        "14",
        "15",
        "16",
        "17",
        "18",
        "19",
        "20",
        "21",
        "22",
        "23",
        "24",
        "25",
        "26",
        "27",
        "28",
        "29"
    ]
}